[0;32m[   INFO   ] [0mOn connection Resample::signal → LevelExtractor::signal:
[0;32m[   INFO   ] [0mBUFFER SIZE MISMATCH: max=8392 - asked for read size 88200
[0;32m[   INFO   ] [0mresizing buffer to 776160/97020
14.6537
13.3817
52.9945
80.5095
96.742
105.006
93.0633
101.633
109.383
95.4604
88.2772
104.767
99.2287
76.5122
89.5432
106.079
97.2015
97.5282
106.458
100.514
120.407
131.335
114.042
110.224
125.288
101.581
74.7162
94.4028
159.138
225.124
283.033
321.335
280.886
251.96
252.99
261.41
278.528
298.01
313.532
267.896
235.686
283.488
294.803
314.102
354.33
320.149
282.112
274.274
249.418
281.308
358.903
337.571
240.845
205.526
259.181
270.383
255.314
279.799
289.84
263.968
241.041
246.267
281.882
315.02
318.027
265.025
254.956
305.761
270.41
240.022
285.58
314.184
277.036
256.082
254.488
263.722
329.807
334.324
279.639
175.756
44.6181
51.8869
51.7929
16.9526
38.5091
48.4891
24.0965
26.3349
48.1152
43.7334
33.0911
53.3781
54.5238
45.6645
56.365
53.115
30.2435
34.6958
58.1556
45.6187
37.6296
61.6394
53.2147
33.3922
54.0812
65.2971
61.0903
41.4194
9.55773
2.7395
2.16838
2.14173
3.16512
2.95536
3.7234
5.11988
48.6617
91.9468
104.561
93.0629
85.5528
94.6657
104.659
105.559
97.1095
75.9792
90.8348
114.952
106.546
112.872
101.005
92.2297
117.264
180.891
235.933
273.92
309.165
281.606
236.424
221.888
215.974
265.657
352.231
353.013
272.483
242.582
238.457
166.031
112.224
120.241
111.009
115.683
128.799
123.766
116.04
119.922
125.406
115.081
115.694
130.41
132.39
154.56
169.156
148.654
138.949
162.131
165.477
153.184
154.896
157.288
135.059
83.6298
119.753
199.285
239.571
286.745
309.001
277.673
251.828
240.471
233.786
276.933
318.135
274.91
276.246
314.616
272.888
243.605
287.604
279.525
277.822
286.243
253.556
246.667
318.346
355.306
272.149
270.131
291.271
273.701
261.117
286.032
284.38
279.289
283.793
252.342
244.45
276.634
320.392
273.617
273.65
280.099
272.514
271.061
279.264
277.234
260.331
256.837
251.908
259.119
289.689
327.463
279.992
224.793
167.788
184.837
230.866
233.601
193.687
178.714
158.119
90.2223
78.695
43.8029
15.5345
8.17593
7.62207
5.73552
1.02139
0.147061
0.00388112
0.000961443
0.000895855
